16428
3339
1421
27665
21615
29290
16511
2114
21420
27416
11164
4190
5554
880
15471
13053
572
29284
7932
17511
37
12668
26479
20707
6443
28290
12841
22981
10572
21451
16086
25481
19060
3874
6379
7474
17111
24794
3027
22639
5612
29982
4302
18457
206
22827
15687
7185
15348
14118
16659
23451
12449
13881
27026
11121
12811
1228
3087
26420
13190
10030
16578
4243
14808
16214
13143
13507
9712
28143
29242
25651
3278
14226
23269
10758
5064
28107
16816
12690
7522
7334
3696
4716
32413
10571
6967
20684
14937
13047
752
1203
9479
9161
4375
14473
21105
3042
15896
19732
6898
4209
6320
23208
1755
13741
2473
21165
2681
3867
14947
15342
14361
319
21030
31228
20209
24374
24522
27937
14185
25150
31667
19860
19457
2107
27647
13103
2994
26953
20303
20628
16198
18024
556
10035
2022
12211
14324
6527
30660
5309
9187
9126
9348
31598
10009
2734
13615
8712
22709
26617
13053
10563
6923
11750
5492
472
12439
17210
5397
17914
22757
15805
19822
7852
15740
6416
10094
17964
539
30087
6590
17147
11836
28031
23115
9661
15708
26461
9315
3055
32067
27765
5515
27842
16578
1650
24131
2641
29718
21896
27459
9333
8158
25410
9488
20042
30475
3265
21794
13569
25360
24188
13388
9012
13259
25500
13233
11722
14093
23925
24013
23759
18224
22912
31246
27732
2410
9974
27043
1345
11971
8484
21525
23971
32252
12851
14835
1486
13151
14570
9837
30233
31188
21075
24751
16843
8237
9544
19120
30610
17271
21245
835
19098
23646
15334
12185
28470
24239
14247
15763
12049
13132
22306
31619
29558
23724
9382
9214
5120
11609
27290
20863
470
9260
28621
31677
18275
23292
31889
11832
25305
16486
9588
26930
31304
19788
30981
15851
14654
11535
26237
10933
603
15411
28719
14033
26534
25086
7883
14731
941
28707
5398
2150
25604
28534
18590
7872
22720
9860
23516
18980
2954
16037
852
11689
17259
13609
11729
5575
28731
21253
32488
27224
22814
19258
1256
18372
13461
13585
7128
8322
17843
27839
10820
5923
6347
24264
17923
5941
22992
28486
32253
11116
27540
27702
21424
19924
18067
25941
12162
9871
30890
3290
27085
13363
5065
10702
17939
14264
19104
23289
9856
14606
24175
30552
28178
2955
4340
1283
4403
24998
1270
27058
10118
23694
31522
13930
32047
13957
28495
14692
29987
1605
12348
22702
9844
7730
2614
29147
29909
30332
31655
16004
30303
972
31473
3354
12725
8821
23622
9528
11783
31036
24371
9839
30860
26298
18619
5752
15193
3822
14457
11368
29888
7732
9466
13941
29170
22998
7933
30508
30855
6472
26896
22191
12822
30912
7181
13280
24724
12760
31273
19938
19415
12894
26587
2143
21076
3656
14957
20566
24642
15869
28230
24995
5765
6599
4259
26826
23073
24890
13712
1508
24218
27698
24598
18484
169
27494
11863
32633
3387
18586
10471
4466
31274
27768
23077
17537
10394
16866
29657
15656
18153
29671
26068
18669
22354
26107
23974
16123
30680
11523
24417
6758
8049
23848
9291
15733
27450
23973
6376
23302
26732
9445
28003
15821
24580
11505
4618
29475
11523
8387
1382
28448
13938
2263
25537
5664
8384
24080
30395
28440
19977
28598
14723
31792
27899
30646
22980
26416
2666
27160
2604
22065
11293
18983
29780
23412
18624
20964
27730
9017
13031
1232
1914
27688
21962
23910
3260
10370
7839
5662
13765
9447
26633
25747
8694
11318
12012
9557
2328
11210
32127
8326
31726
24081
22859
28538
20228
15048
13691
11946
18717
14245
22107
7870
27878
6741
24899
7317
14251
25603
9723
4556
27336
8111
9545
27602
26528
22423
13722
12039
3140
26751
9051
15043
23126
27457
5574
10545
29800
24617
18809
18780
17529
31571
7438
15229
17605
30628
28861
9795
7783
6727
18053
32028
27492
12875
6479
16998
24772
28955
9702
19915
24412
4833
8279
25853
8619
25890
18076
20105
8171
1700
10949
28043
32434
3714
5707
10306
4007
9299
23705
19696
18297
24483
27970
14764
26120
22616
12132
24260
11697
24618
6487
18180
30306
9958
20571
6713
7089
3379
15270
20472
10622
6389
3084
8962
3975
8865
8308
8662
31200
31059
25654
8160
16279
4177
24713
23353
8385
4368
16920
24081
15987
1730
21676
381
27989
29991
30036
29390
18641
8999
4771
13277
12500
26033
26984
13280
16603
27877
14583
2493
30134
12910
81
25479
22433
8420
23352
24575
24296
21453
27475
7112
7119
13606
4035
1923
24848
1354
23138
32214
10682
2122
13320
8467
4506
17541
10551
23212
24313
15106
2570
20146
18227
27530
17443
32446
2942
3678
22790
6724
8643
2915
6136
21770
16481
17050
12288
22364
3130
19721
17754
8395
6985
24527
15773
17335
9293
16403
8542
18872
27309
1133
19344
5030
31190
28357
24532
29031
23763
15899
56
26142
15472
310
4773
10986
30724
21762
14064
28359
31441
16115
22656
20416
632
20656
29028
6763
4276
15639
22758
4237
18704
20329
5552
32696
7408
20727
13267
32554
12892
28608
15527
3233
23352
28222
24082
12609
22215
9773
22699
18935
9663
12149
27199
31945
28986
20781
2611
16484
28248
22519
20857
7849
2817
946
13010
2122
19895
16144
19371
31089
28693
5408
27027
16900
6567
11030
13074
3856
32470
10334
22469
1183
31203
18468
29189
23704
9018
14956
3184
3956
18205
18205
26195
4007
16951
22265
3548
7198
32400
12345
7041
14464
7066
22005
1928
7277
30351
26056
26101
21264
23932
10943
30948
23654
15306
2523
3237
20274
31746
3995
13562
13410
9023
2611
10735
5880
9264
2507
6435
22213
14081
9394
9084
19546
17256
27340
6507
28595
23447
17549
11796
20649
10091
32655
10964
19890
7405
2976
16807
25881
32331
32421
8710
22467
26029
29612
23330
17811
26475
25322
8635
2079
19477
10201
11435
5210
16336
7770
11453
26746
10357
18977
28926
29222
9232
15845
15055
4709
22640
11552
15128
23139
11763
14033
339
2591
13270
21379
27951
26215
30089
12068
4858
1629
23775
28896
10983
12586
30780
26056
21262
26016
31757
17146
22683
13105
27174
8438
4398
27301
1691
25356
24895
3364
18390
22820
2655
30477
32644
29399
2327
21311
20264
26571
26225
16525
10913
22655
4021
26493
25629
12548
13006
2284
29981
28612
23268
21429
10898
28861
12557
1017
27204
22004
13544
8140
3621
8179
7220
